50
171
0 1 0.27
0 32 0.81
0 33 0.74
0 43 -0.1
1 6 0.61
1 14 0.44
1 34 0.82
1 41 0.27
1 45 0.4
2 13 0.65
2 21 0.4
2 29 0.36
2 31 -0.13
2 35 0.36
2 37 0.51
2 42 0.41
3 10 -0.15
3 26 0.39
3 30 0.01
3 39 0.74
3 45 0.45
3 49 0.74
4 34 0.52
4 38 0.76
5 2 0.14
5 8 0.72
5 12 0.51
5 15 0.3
5 19 0.78
5 20 0.54
6 5 -0.08
6 16 0.43
6 19 0.71
6 32 0.37
6 45 0.25
7 10 0.24
7 28 -0.12
8 13 0.72
8 19 0.35
8 36 0.61
9 19 0.13
9 22 0.19
9 34 0.78
9 36 0.06
10 17 0.39
10 48 0.77
11 13 0.19
11 18 0.69
11 19 0.75
11 42 0.13
12 2 0.37
12 6 0.2
12 12 0.48
12 14 0.12
12 24 0.37
12 32 0.59
13 18 0.29
14 9 0.2
14 28 0.49
14 32 0.4
14 49 0.69
15 8 0.44
15 19 0.61
15 28 0.83
17 4 -0.11
17 26 0.68
17 41 0.47
18 16 0.12
18 27 0.4
18 29 0.4
18 46 -0.08
19 21 0.4
19 27 0.19
19 35 0.37
20 8 -0.04
20 32 -0.11
20 36 0.46
20 42 0.56
21 4 0.4
21 24 0.81
21 34 0.08
21 37 0.4
22 6 0.51
22 19 0.84
22 26 0.78
23 0 -0.04
23 16 0.24
23 39 0.14
24 43 -0.01
24 45 0.79
25 1 0.47
25 5 0.13
25 8 0.28
25 24 0.44
25 25 0.67
25 47 0.43
26 3 0.73
26 13 -0.09
26 45 0.38
27 11 0.64
27 33 -0.08
27 36 0.41
28 3 0.05
28 5 0.13
28 16 0.68
28 19 -0.15
28 36 0.85
29 2 0.09
29 5 0.51
29 19 0.33
29 28 0.65
30 2 0.76
30 5 -0.03
30 20 0.56
30 25 0.28
31 27 0.29
31 38 -0.05
31 44 0.05
31 46 0.35
32 2 -0.13
32 10 0.1
33 15 -0.15
34 11 0.7
34 17 0.26
34 22 0.59
34 37 0.66
34 45 0.26
35 2 0.23
35 28 0.75
35 36 0.46
35 39 0.41
35 44 0.45
36 0 0.62
36 2 0.21
36 15 0.71
36 26 0.15
36 39 0.73
36 41 0.4
37 40 0.27
38 1 0.21
38 17 0.38
39 46 0.42
40 26 0.2
40 42 0.28
41 40 0.67
42 14 0.0
42 38 0.27
43 0 0.31
43 12 0.42
43 24 0.78
43 26 0.78
43 40 0.21
43 41 0.55
44 0 0.39
44 9 0.09
44 30 0.73
44 48 -0.05
45 1 0.23
45 18 0.46
46 17 0.48
46 43 0.67
46 49 0.03
47 10 0.2
47 13 0.76
47 15 0.13
47 36 0.48
48 2 0.5
48 6 0.48
48 25 -0.06
49 41 0.76
49 46 0.14
